0, 2379 176 2504 307 -1.437612 0.214984 0.021679 0.213008;
1, 2254 307 2504 340 -1.639267 -0.052117 0.043358 0.053659;
2, 5008 307 5133 460 7.11325 -0.247557 0.021679 0.24878;
3, 4883 307 5008 460 6.706685 -0.247557 0.021679 0.24878;
4, 5009 154 5133 306 7.116502 0.250814 0.021505 0.247154;
5, 5009 275 5258 307 7.318158 0.052117 0.043184 0.052033;
6, 4883 154 5008 307 6.706685 0.250814 0.021679 0.24878;
7, 4883 274 5008 307 6.706685 0.055375 0.021679 0.053659;
8, -1 -1 -1 -1 -9.380253 1.003257 0. 0.;
9, 4007 154 4132 306 3.857482 0.250814 0.021679 0.247154;
10, 4008 274 4256 307 4.062391 0.055375 0.043011 0.053659;
11, 3881 274 4006 307 3.447666 0.055375 0.021679 0.053659;
12, 4508 176 4632 307 5.486992 0.214984 0.021505 0.213008;
13, 4508 274 4757 307 5.688648 0.055375 0.043184 0.053659;
14, 4382 176 4507 307 5.077176 0.214984 0.021679 0.213008;
15, 5134 460 5259 580 7.523067 -0.693811 0.021679 0.195122;
16, 5134 548 5259 613 7.523067 -0.889251 0.021679 0.105691;
17, 5509 482 5634 612 8.74276 -0.781759 0.021679 0.211382;
18, 5384 460 5509 514 8.336195 -0.586319 0.021679 0.087805;
19, 5509 460 5634 514 8.74276 -0.586319 0.021679 0.087805;
20, 5384 154 5509 208 8.336195 0.410423 0.021679 0.087805;
21, 5509 154 5634 208 8.74276 0.410423 0.021679 0.087805;
22, 5384 482 5509 613 8.336195 -0.781759 0.021679 0.213008;
23, -1 -1 -1 -1 -9.380253 1.003257 0. 0.;
24, 5384 308 5509 460 8.336195 -0.250814 0.021679 0.247154;
25, 5008 307 5133 460 7.11325 -0.247557 0.021679 0.24878;
26, 4633 307 4758 460 5.893557 -0.247557 0.021679 0.24878;
27, 4257 307 4382 460 4.670611 -0.247557 0.021679 0.24878;
28, 3882 307 4006 460 3.450918 -0.247557 0.021505 0.24878;
29, 5509 307 5634 460 8.74276 -0.247557 0.021679 0.24878;
30, 5134 307 5258 460 7.523067 -0.247557 0.021505 0.24878;
31, 4758 307 4883 460 6.300121 -0.247557 0.021679 0.24878;
32, 4382 307 4507 460 5.077176 -0.247557 0.021679 0.24878;
33, 4007 307 4132 460 3.857482 -0.247557 0.021679 0.24878;
34, 5634 307 5759 460 9.149324 -0.247557 0.021679 0.24878;
35, 5259 307 5384 460 7.929631 -0.247557 0.021679 0.24878;
36, 4883 307 5008 460 6.706685 -0.247557 0.021679 0.24878;
37, 4507 307 4633 460 5.486992 -0.247557 0.021852 0.24878;
38, 4132 307 4257 459 4.264047 -0.247557 0.021679 0.247154;
39, 3756 307 3881 460 3.041101 -0.247557 0.021679 0.24878;
40, 5008 460 5133 613 7.11325 -0.745928 0.021679 0.24878;
41, 4633 460 4758 547 5.893557 -0.638436 0.021679 0.141463;
42, 5635 460 5759 547 9.152576 -0.638436 0.021505 0.141463;
43, 4132 460 4257 580 4.264047 -0.693811 0.021679 0.195122;
44, 4257 460 4382 547 4.670611 -0.638436 0.021679 0.141463;
45, 3881 460 4007 613 3.450918 -0.745928 0.021852 0.24878;
46, 5510 427 5759 460 8.947668 -0.442997 0.043184 0.053659;
47, 5634 515 5759 613 9.149324 -0.837134 0.021679 0.15935;
48, 5259 460 5384 547 7.929631 -0.638436 0.021679 0.141463;
49, 5259 460 5509 493 8.134539 -0.550489 0.043358 0.053659;
50, 5259 307 5509 340 8.134539 -0.052117 0.043358 0.053659;
51, 5009 427 5258 460 7.318158 -0.442997 0.043184 0.053659;
52, 5259 515 5384 613 7.929631 -0.837134 0.021679 0.15935;
53, 4758 460 4883 580 6.300121 -0.693811 0.021679 0.195122;
54, 4884 461 5008 612 6.709938 -0.745928 0.021505 0.245528;
55, 4508 460 4632 514 5.486992 -0.586319 0.021505 0.087805;
56, 4508 427 4757 460 5.688648 -0.442997 0.043184 0.053659;
57, 4758 460 5008 493 6.505029 -0.550489 0.043358 0.053659;
58, 4758 307 5008 340 6.505029 -0.052117 0.043358 0.053659;
59, 4758 548 4883 613 6.300121 -0.889251 0.021679 0.105691;
60, 4883 580 5008 613 6.706685 -0.941368 0.021679 0.053659;
61, 4633 515 4758 613 5.893557 -0.837134 0.021679 0.15935;
62, 4508 482 4632 613 5.486992 -0.781759 0.021505 0.213008;
63, 4382 460 4507 514 5.077176 -0.586319 0.021679 0.087805;
64, 4007 460 4132 613 3.857482 -0.745928 0.021679 0.24878;
65, 4258 307 4506 339 4.87552 -0.052117 0.043011 0.052033;
66, 4257 460 4507 493 4.87552 -0.550489 0.043358 0.053659;
67, 4007 427 4256 460 4.059138 -0.442997 0.043184 0.053659;
68, 4257 515 4382 613 4.670611 -0.837134 0.021679 0.15935;
69, 4382 482 4507 613 5.077176 -0.781759 0.021679 0.213008;
70, 4132 548 4257 613 4.264047 -0.889251 0.021679 0.105691;
71, 3756 460 3881 580 3.041101 -0.693811 0.021679 0.195122;
72, 3756 460 4006 493 3.24601 -0.550489 0.043358 0.053659;
73, 3758 307 4005 339 3.24601 -0.052117 0.042837 0.052033;
74, 3756 548 3881 613 3.041101 -0.889251 0.021679 0.105691;
75, 3881 580 4006 613 3.447666 -0.941368 0.021679 0.053659;
76, 5385 2 5508 153 8.336195 0.749186 0.021332 0.245528;
77, -1 -1 -1 -1 -9.380253 1.003257 0. 0.;
78, 4633 1 4758 153 5.893557 0.749186 0.021679 0.247154;
79, -1 -1 -1 -1 -9.380253 1.003257 0. 0.;
80, 3882 1 4007 154 3.450918 0.749186 0.021679 0.24878;
81, 5509 1 5634 154 8.74276 0.749186 0.021679 0.24878;
82, 5134 1 5258 154 7.523067 0.749186 0.021505 0.24878;
83, -1 -1 -1 -1 -9.380253 1.003257 0. 0.;
84, 4382 1 4507 154 5.077176 0.749186 0.021679 0.24878;
85, 4007 1 4131 153 3.857482 0.749186 0.021505 0.247154;
86, 5635 1 5759 154 9.152576 0.749186 0.021505 0.24878;
87, -1 -1 -1 -1 -9.380253 1.003257 0. 0.;
88, 4883 1 5008 154 6.706685 0.749186 0.021679 0.24878;
89, 4508 1 4632 154 5.486992 0.749186 0.021505 0.24878;
90, 4132 1 4257 153 4.264047 0.749186 0.021679 0.247154;
91, -1 -1 -1 -1 -9.380253 1.003257 0. 0.;
92, 5008 154 5133 307 7.11325 0.250814 0.021679 0.24878;
93, 4633 154 4758 241 5.893557 0.358306 0.021679 0.141463;
94, 5634 154 5759 241 9.149324 0.358306 0.021679 0.141463;
95, 5134 154 5259 274 7.523067 0.302932 0.021679 0.195122;
96, -1 -1 -1 -1 -9.380253 1.003257 0. 0.;
97, 4257 154 4382 241 4.670611 0.358306 0.021679 0.141463;
98, -1 -1 -1 -1 -9.380253 1.003257 0. 0.;
99, 5634 209 5759 307 9.149324 0.159609 0.021679 0.15935;
100, 5259 154 5384 241 7.929631 0.358306 0.021679 0.141463;
101, 5259 154 5509 187 8.134539 0.446254 0.043358 0.053659;
102, 5009 121 5258 154 7.318158 0.553746 0.043184 0.053659;
103, 5259 209 5384 307 7.929631 0.159609 0.021679 0.15935;
104, -1 -1 -1 -1 -9.380253 1.003257 0. 0.;
105, 5009 275 5258 307 7.318158 0.052117 0.043184 0.052033;
106, 4758 154 4883 274 6.300121 0.302932 0.021679 0.195122;
107, 4883 154 5008 307 6.706685 0.250814 0.021679 0.24878;
108, 4508 154 4633 208 5.486992 0.410423 0.021679 0.087805;
109, -1 -1 -1 -1 -9.380253 1.003257 0. 0.;
110, 4758 154 5008 187 6.505029 0.446254 0.043358 0.053659;
111, -1 -1 -1 -1 -9.380253 1.003257 0. 0.;
112, 4883 274 5008 307 6.706685 0.055375 0.021679 0.053659;
113, 4633 209 4758 306 5.893557 0.162866 0.021679 0.157724;
114, 4382 154 4507 208 5.077176 0.410423 0.021679 0.087805;
115, 4258 154 4507 187 4.87552 0.446254 0.043184 0.053659;
116, 4007 121 4256 154 4.059138 0.553746 0.043184 0.053659;
117, 4257 209 4382 307 4.670611 0.159609 0.021679 0.15935;
118, 4132 242 4257 307 4.264047 0.107492 0.021679 0.105691;
119, 3756 154 3881 274 3.041101 0.302932 0.021679 0.195122;
120, 3757 154 4006 187 3.24601 0.446254 0.043184 0.053659;
121, 3757 242 3881 307 3.044354 0.107492 0.021505 0.105691;
122, 5509 176 5634 307 8.74276 0.214984 0.021679 0.213008;
123, 5510 274 5759 307 8.947668 0.055375 0.043184 0.053659;
124, 3005 307 3130 460 0.598463 -0.247557 0.021679 0.24878;
125, 2880 308 3005 460 0.191898 -0.250814 0.021679 0.247154;
126, 3006 274 3254 307 0.803371 0.055375 0.043011 0.053659;
127, 2880 274 3004 307 0.191898 0.055375 0.021505 0.053659;
128, 501 176 626 307 -7.545834 0.214984 0.021679 0.213008;
129, 501 274 751 307 -7.340926 0.055375 0.043358 0.053659;
130, 376 176 501 307 -7.952399 0.214984 0.021679 0.213008;
131, 1002 154 1127 307 -5.916324 0.250814 0.021679 0.24878;
132, 1002 274 1252 307 -5.711416 0.055375 0.043358 0.053659;
133, 876 274 1001 307 -6.326141 0.055375 0.021679 0.053659;
134, -1 -1 -1 -1 -9.380253 1.003257 0. 0.;
135, 2003 154 2128 307 -2.660557 0.250814 0.021679 0.24878;
136, 2004 275 2253 307 -2.455649 0.052117 0.043184 0.052033;
137, 1878 274 2003 307 -3.067121 0.055375 0.021679 0.053659;
138, 2504 176 2629 306 -1.031047 0.214984 0.021679 0.211382;
139, 2505 274 2754 307 -0.826139 0.055375 0.043184 0.053659;
140, 3130 460 3255 580 1.005027 -0.693811 0.021679 0.195122;
141, 3131 548 3255 613 1.00828 -0.889251 0.021505 0.105691;
142, 3506 482 3631 613 2.227973 -0.781759 0.021679 0.213008;
143, -1 -1 -1 -1 -9.380253 1.003257 0. 0.;
144, 3506 460 3631 514 2.227973 -0.586319 0.021679 0.087805;
145, 3381 154 3506 208 1.821408 0.410423 0.021679 0.087805;
146, 3506 154 3631 208 2.227973 0.410423 0.021679 0.087805;
147, 3381 482 3506 613 1.821408 -0.781759 0.021679 0.213008;
148, -1 -1 -1 -1 -9.380253 1.003257 0. 0.;
149, 3381 307 3505 460 1.821408 -0.247557 0.021505 0.24878;
150, 3005 307 3130 460 0.598463 -0.247557 0.021679 0.24878;
151, 2629 307 2755 460 -0.62123 -0.247557 0.021852 0.24878;
152, 2254 307 2379 460 -1.844176 -0.247557 0.021679 0.24878;
153, 1878 307 2003 460 -3.067121 -0.247557 0.021679 0.24878;
154, 1503 307 1628 460 -4.286814 -0.247557 0.021679 0.24878;
155, 1127 307 1252 459 -5.50976 -0.247557 0.021679 0.247154;
156, 751 307 876 460 -6.732706 -0.247557 0.021679 0.24878;
157, 376 307 501 460 -7.952399 -0.247557 0.021679 0.24878;
158, 0 307 125 460 -9.175344 -0.247557 0.021679 0.24878;
159, 3506 307 3631 460 2.227973 -0.247557 0.021679 0.24878;
160, 3131 307 3255 459 1.00828 -0.247557 0.021505 0.247154;
161, 2755 307 2880 460 -0.214666 -0.247557 0.021679 0.24878;
162, 2379 307 2504 460 -1.437612 -0.247557 0.021679 0.24878;
163, 2003 307 2128 460 -2.660557 -0.247557 0.021679 0.24878;
164, 1628 307 1753 460 -3.88025 -0.247557 0.021679 0.24878;
165, 1252 307 1377 460 -5.103196 -0.247557 0.021679 0.24878;
166, 876 307 1002 460 -6.322889 -0.247557 0.021852 0.24878;
167, 501 307 626 460 -7.545834 -0.247557 0.021679 0.24878;
168, 125 307 250 460 -8.76878 -0.247557 0.021679 0.24878;
169, 3631 307 3756 460 2.634537 -0.247557 0.021679 0.24878;
170, 3255 307 3381 460 1.414844 -0.247557 0.021852 0.24878;
171, 2880 308 3005 460 0.191898 -0.250814 0.021679 0.247154;
172, 2504 307 2629 460 -1.031047 -0.247557 0.021679 0.24878;
173, 2129 307 2253 460 -2.25074 -0.247557 0.021505 0.24878;
174, 1753 307 1878 460 -3.473686 -0.247557 0.021679 0.24878;
175, 1377 307 1502 460 -4.696631 -0.247557 0.021679 0.24878;
176, 1002 307 1127 460 -5.916324 -0.247557 0.021679 0.24878;
177, 626 307 751 460 -7.13927 -0.247557 0.021679 0.24878;
178, 250 307 376 460 -8.358963 -0.247557 0.021852 0.24878;
179, 3005 460 3130 613 0.598463 -0.745928 0.021679 0.24878;
180, 2629 460 2755 547 -0.62123 -0.638436 0.021852 0.141463;
181, 1127 460 1252 580 -5.50976 -0.693811 0.021679 0.195122;
182, 3631 460 3756 547 2.634537 -0.638436 0.021679 0.141463;
183, 2129 460 2254 580 -2.25074 -0.693811 0.021679 0.195122;
184, 1628 460 1753 547 -3.88025 -0.638436 0.021679 0.141463;
185, 2254 460 2379 547 -1.844176 -0.638436 0.021679 0.141463;
186, 1878 460 2003 613 -3.067121 -0.745928 0.021679 0.24878;
187, 1503 460 1628 514 -4.286814 -0.586319 0.021679 0.087805;
188, 751 460 876 580 -6.732706 -0.693811 0.021679 0.195122;
189, 376 460 501 515 -7.952399 -0.586319 0.021679 0.089431;
190, 0 460 125 613 -9.175344 -0.745928 0.021679 0.24878;
191, 3506 427 3756 460 2.432881 -0.442997 0.043358 0.053659;
192, 3631 515 3756 613 2.634537 -0.837134 0.021679 0.15935;
193, 3256 460 3380 547 1.414844 -0.638436 0.021505 0.141463;
194, 3256 460 3505 493 1.6165 -0.550489 0.043184 0.053659;
195, 3256 307 3505 340 1.6165 -0.052117 0.043184 0.053659;
196, 3006 427 3255 460 0.803371 -0.442997 0.043184 0.053659;
197, 3256 515 3380 612 1.414844 -0.833876 0.021505 0.157724;
198, 2755 460 2880 580 -0.214666 -0.693811 0.021679 0.195122;
199, 2880 460 3005 612 0.191898 -0.745928 0.021679 0.247154;
200, 2504 460 2629 514 -1.031047 -0.586319 0.021679 0.087805;
201, 2505 427 2754 460 -0.826139 -0.442997 0.043184 0.053659;
202, 2755 460 3004 493 -0.01301 -0.550489 0.043184 0.053659;
203, 2755 307 3004 340 -0.01301 -0.052117 0.043184 0.053659;
204, 2755 548 2880 613 -0.214666 -0.889251 0.021679 0.105691;
205, 2880 580 3005 613 0.191898 -0.941368 0.021679 0.053659;
206, 2629 515 2755 613 -0.62123 -0.837134 0.021852 0.15935;
207, 2504 482 2629 613 -1.031047 -0.781759 0.021679 0.213008;
208, 2379 460 2504 514 -1.437612 -0.586319 0.021679 0.087805;
209, 2003 460 2128 613 -2.660557 -0.745928 0.021679 0.24878;
210, 2255 460 2503 492 -1.639267 -0.550489 0.043011 0.052033;
211, 2004 427 2253 460 -2.455649 -0.442997 0.043184 0.053659;
212, 2254 515 2379 613 -1.844176 -0.837134 0.021679 0.15935;
213, 2379 482 2504 613 -1.437612 -0.781759 0.021679 0.213008;
214, 2129 548 2254 613 -2.25074 -0.889251 0.021679 0.105691;
215, 1753 460 1878 580 -3.473686 -0.693811 0.021679 0.195122;
216, 1753 460 2003 493 -3.268777 -0.550489 0.043358 0.053659;
217, 1753 307 2003 340 -3.268777 -0.052117 0.043358 0.053659;
218, 1503 427 1752 460 -4.085159 -0.442997 0.043184 0.053659;
219, 1753 548 1878 613 -3.473686 -0.889251 0.021679 0.105691;
220, 1878 580 2003 613 -3.067121 -0.941368 0.021679 0.053659;
221, 1628 515 1753 613 -3.88025 -0.837134 0.021679 0.15935;
222, 1503 482 1628 613 -4.286814 -0.781759 0.021679 0.213008;
223, 1252 460 1377 547 -5.103196 -0.638436 0.021679 0.141463;
224, 1377 460 1502 514 -4.696631 -0.586319 0.021679 0.087805;
225, 1002 460 1127 613 -5.916324 -0.745928 0.021679 0.24878;
226, -1 -1 -1 -1 -9.380253 1.003257 0. 0.;
227, 1252 460 1502 493 -4.898287 -0.550489 0.043358 0.053659;
228, 1002 427 1252 460 -5.711416 -0.442997 0.043358 0.053659;
229, 1252 515 1377 613 -5.103196 -0.837134 0.021679 0.15935;
230, 1377 482 1502 613 -4.696631 -0.781759 0.021679 0.213008;
231, 1127 547 1252 613 -5.50976 -0.889251 0.021679 0.107317;
232, 876 460 1002 613 -6.322889 -0.745928 0.021852 0.24878;
233, 626 460 751 547 -7.13927 -0.638436 0.021679 0.141463;
234, 501 460 626 515 -7.545834 -0.586319 0.021679 0.089431;
235, 752 307 1001 340 -6.527797 -0.052117 0.043184 0.053659;
236, 501 427 751 460 -7.340926 -0.442997 0.043358 0.053659;
237, 751 460 1001 493 -6.527797 -0.550489 0.043358 0.053659;
238, 751 548 876 613 -6.732706 -0.889251 0.021679 0.105691;
239, 876 580 1001 613 -6.326141 -0.941368 0.021679 0.053659;
240, 626 515 751 613 -7.13927 -0.837134 0.021679 0.15935;
241, 501 482 626 613 -7.545834 -0.781759 0.021679 0.213008;
242, 250 460 376 547 -8.358963 -0.638436 0.021852 0.141463;
243, 125 460 250 580 -8.76878 -0.693811 0.021679 0.195122;
244, 0 427 250 460 -8.970436 -0.442997 0.043358 0.053659;
245, 251 307 500 340 -8.157307 -0.052117 0.043184 0.053659;
246, 251 460 501 493 -8.154054 -0.550489 0.043358 0.053659;
247, 250 515 376 613 -8.358963 -0.837134 0.021852 0.15935;
248, 376 482 501 613 -7.952399 -0.781759 0.021679 0.213008;
249, 125 547 250 613 -8.76878 -0.889251 0.021679 0.107317;
250, 3381 1 3506 154 1.821408 0.749186 0.021679 0.24878;
251, -1 -1 -1 -1 -9.380253 1.003257 0. 0.;
252, 2630 1 2754 154 -0.62123 0.749186 0.021505 0.24878;
253, -1 -1 -1 -1 -9.380253 1.003257 0. 0.;
254, 1878 1 2003 154 -3.067121 0.749186 0.021679 0.24878;
255, 1503 1 1628 154 -4.286814 0.749186 0.021679 0.24878;
256, 1127 1 1252 154 -5.50976 0.749186 0.021679 0.24878;
257, 751 1 876 154 -6.732706 0.749186 0.021679 0.24878;
258, 376 1 501 154 -7.952399 0.749186 0.021679 0.24878;
259, 0 1 125 154 -9.175344 0.749186 0.021679 0.24878;
260, 3506 1 3631 154 2.227973 0.749186 0.021679 0.24878;
261, 3130 1 3255 154 1.005027 0.749186 0.021679 0.24878;
262, 2755 1 2880 154 -0.214666 0.749186 0.021679 0.24878;
263, 2379 1 2504 154 -1.437612 0.749186 0.021679 0.24878;
264, 2004 1 2128 153 -2.657305 0.749186 0.021505 0.247154;
265, 1628 1 1753 154 -3.88025 0.749186 0.021679 0.24878;
266, 1252 1 1377 154 -5.103196 0.749186 0.021679 0.24878;
267, 877 1 1002 154 -6.322889 0.749186 0.021679 0.24878;
268, 501 1 626 154 -7.545834 0.749186 0.021679 0.24878;
269, 125 1 250 154 -8.76878 0.749186 0.021679 0.24878;
270, 3631 1 3756 154 2.634537 0.749186 0.021679 0.24878;
271, -1 -1 -1 -1 -9.380253 1.003257 0. 0.;
272, 2880 2 3005 154 0.191898 0.745928 0.021679 0.247154;
273, 2504 1 2629 154 -1.031047 0.749186 0.021679 0.24878;
274, 2129 1 2253 154 -2.25074 0.749186 0.021505 0.24878;
275, -1 -1 -1 -1 -9.380253 1.003257 0. 0.;
276, 1377 1 1502 154 -4.696631 0.749186 0.021679 0.24878;
277, 1002 1 1127 154 -5.916324 0.749186 0.021679 0.24878;
278, 626 1 751 154 -7.13927 0.749186 0.021679 0.24878;
279, 250 1 376 154 -8.358963 0.749186 0.021852 0.24878;
280, 3005 154 3130 307 0.598463 0.250814 0.021679 0.24878;
281, 2629 154 2755 241 -0.62123 0.358306 0.021852 0.141463;
282, 1127 154 1252 274 -5.50976 0.302932 0.021679 0.195122;
283, 3631 154 3756 241 2.634537 0.358306 0.021679 0.141463;
284, 3130 154 3255 274 1.005027 0.302932 0.021679 0.195122;
285, -1 -1 -1 -1 -9.380253 1.003257 0. 0.;
286, 1628 154 1753 241 -3.88025 0.358306 0.021679 0.141463;
287, 2254 154 2379 241 -1.844176 0.358306 0.021679 0.141463;
288, 1503 154 1627 208 -4.286814 0.410423 0.021505 0.087805;
289, 751 154 876 274 -6.732706 0.302932 0.021679 0.195122;
290, 376 154 501 209 -7.952399 0.410423 0.021679 0.089431;
291, 0 154 125 307 -9.175344 0.250814 0.021679 0.24878;
292, -1 -1 -1 -1 -9.380253 1.003257 0. 0.;
293, 3631 209 3756 307 2.634537 0.159609 0.021679 0.15935;
294, 3256 154 3380 241 1.414844 0.358306 0.021505 0.141463;
295, 3256 154 3505 187 1.6165 0.446254 0.043184 0.053659;
296, 3006 121 3255 154 0.803371 0.553746 0.043184 0.053659;
297, 3256 209 3380 307 1.414844 0.159609 0.021505 0.15935;
298, -1 -1 -1 -1 -9.380253 1.003257 0. 0.;
299, 3006 274 3254 307 0.803371 0.055375 0.043011 0.053659;
300, 2755 155 2879 274 -0.214666 0.302932 0.021505 0.193496;
301, 2880 154 3005 306 0.191898 0.250814 0.021679 0.247154;
302, 2504 154 2629 208 -1.031047 0.410423 0.021679 0.087805;
303, -1 -1 -1 -1 -9.380253 1.003257 0. 0.;
304, 2755 154 3004 187 -0.01301 0.446254 0.043184 0.053659;
305, -1 -1 -1 -1 -9.380253 1.003257 0. 0.;
306, 2880 274 3004 307 0.191898 0.055375 0.021505 0.053659;
307, 2630 209 2754 307 -0.62123 0.159609 0.021505 0.15935;
308, 2379 154 2504 208 -1.437612 0.410423 0.021679 0.087805;
309, 2254 154 2504 187 -1.639267 0.446254 0.043358 0.053659;
310, 2004 121 2253 154 -2.455649 0.553746 0.043184 0.053659;
311, 2254 209 2379 307 -1.844176 0.159609 0.021679 0.15935;
312, 2129 242 2254 307 -2.25074 0.107492 0.021679 0.105691;
313, 1753 154 1878 274 -3.473686 0.302932 0.021679 0.195122;
314, 1753 154 2003 187 -3.268777 0.446254 0.043358 0.053659;
315, -1 -1 -1 -1 -9.380253 1.003257 0. 0.;
316, 1753 242 1878 307 -3.473686 0.107492 0.021679 0.105691;
317, 1628 209 1753 307 -3.88025 0.159609 0.021679 0.15935;
318, 1252 154 1377 241 -5.103196 0.358306 0.021679 0.141463;
319, 1377 154 1502 208 -4.696631 0.410423 0.021679 0.087805;
320, 1253 154 1502 187 -4.898287 0.446254 0.043184 0.053659;
321, 1002 121 1252 154 -5.711416 0.553746 0.043358 0.053659;
322, 1252 209 1377 307 -5.103196 0.159609 0.021679 0.15935;
323, 1127 242 1252 307 -5.50976 0.107492 0.021679 0.105691;
324, 877 154 1002 307 -6.322889 0.250814 0.021679 0.24878;
325, 626 154 751 241 -7.13927 0.358306 0.021679 0.141463;
326, 501 154 626 209 -7.545834 0.410423 0.021679 0.089431;
327, 501 121 751 154 -7.340926 0.553746 0.043358 0.053659;
328, 752 154 1001 187 -6.527797 0.446254 0.043184 0.053659;
329, 751 242 876 307 -6.732706 0.107492 0.021679 0.105691;
330, 626 209 751 307 -7.13927 0.159609 0.021679 0.15935;
331, 250 154 376 241 -8.358963 0.358306 0.021852 0.141463;
332, 125 154 250 274 -8.76878 0.302932 0.021679 0.195122;
333, 0 121 250 154 -8.970436 0.553746 0.043358 0.053659;
334, 251 154 501 187 -8.154054 0.446254 0.043358 0.053659;
335, 250 209 376 307 -8.358963 0.159609 0.021852 0.15935;
336, 125 242 250 307 -8.76878 0.107492 0.021679 0.105691;
337, 0 274 250 307 -8.970436 0.055375 0.043358 0.053659;
338, 3506 176 3631 307 2.227973 0.214984 0.021679 0.213008;
339, 3507 274 3755 307 2.432881 0.055375 0.043011 0.053659;
340, 1503 176 1628 307 -4.286814 0.214984 0.021679 0.213008;
341, 1503 274 1752 307 -4.085159 0.055375 0.043184 0.053659;
342, 1377 176 1502 307 -4.696631 0.214984 0.021679 0.213008;
